Year,Barro-Lee: Percentage of population age 15+ with no education,Urban population growth (annual %)
1965,80.93,5.588795512
1966,,4.926324293
1967,,2.667945683
1968,,2.698709082
1969,,2.69710614
1970,73.64,2.679216202
1971,,2.677974261
1972,,2.71834101
1973,,2.772832208
1974,,2.837680947
1975,64.45,3.953504755
1976,,4.967617031
1977,,4.689986102
1978,,4.938399634
1979,,5.043286335
1980,55.76,5.148822456
1981,,5.240465157
1982,,5.302461073
1983,,5.329496192
1984,,5.321975418
1985,45.78,5.274761713
1986,,5.13615355
1987,,4.771971246
1988,,4.375252855
1989,,4.185986872
1990,38.88,4.001491262
1991,,3.881369202
1992,,3.910950224
1993,,3.852983484
1994,,3.635134463
1995,32.89,3.467797855
1996,,3.335734264
1997,,3.211162092
1998,,2.920056555
1999,,2.759568014
2000,28.17,2.745488592
2001,,2.688062188
2002,,2.621600321
2003,,2.594726616
2004,,2.636234817
2005,29.6,2.675391412
2006,,2.729545508
2007,,2.831153613
2008,,2.958504866
2009,,3.012771549
2010,21.12,3.009838404
